0000   ff ff ff ff ff ff d4 2d c5 28 db fc 08 00 45 00
0010   01 31 00 00 40 00 40 11 77 23 c0 a8 01 f1 ff ff
0020   ff ff 29 ae 29 ad 01 1d e7 f4 00 01 00 e1 00 0e
0030   d4 2d c5 28 db fc a0 29 19 3e ab 91 c0 a8 01 79
0040   00 00 20 11 1e 11 23 1f 1e 19 13 00 00 02 00 02
0050   00 00 00 00 00 00 00 00 00 00 00 00 00 01 02 00
0060   01 00 01 02 00 20 00 04 c0 a8 01 f1 00 21 00 04
0070   ff ff ff 00 00 22 00 04 c0 a8 01 01 00 23 00 08
0080   c0 a8 01 fa 08 08 08 08 00 25 00 02 00 50 00 30
0090   00 04 00 00 00 00 00 31 00 04 00 00 00 00 00 40
00a0   00 10 00 00 00 00 00 00 00 00 00 00 00 00 00 00
00b0   00 00 00 41 00 10 00 00 00 00 00 00 00 00 00 00
00c0   00 00 00 00 00 00 00 42 00 20 00 00 00 00 00 00
00d0   00 00 00 00 00 00 00 00 00 00 00 00 00 00 00 00
00e0   00 00 00 00 00 00 00 00 00 00 00 a6 00 01 92 00
00f0   a8 00 10 4e 58 35 31 30 00 00 00 00 00 00 00 00
0100   00 00 00 00 b4 00 02 00 01 00 c0 00 02 00 15 00
0110   c1 00 02 00 40 00 d1 00 10 58 41 56 35 31 34 32
0120   38 00 00 00 00 00 00 00 00 00 d2 00 02 00 02 00
0130   d4 00 02 00 01 00 d5 00 02 00 03 ff ff 22 c3
